# The directed communities at k=5
# from D:\social_net\new_slots_salon24\7days_4_overlapping\roles\full_graphs\all_graph370.txt
# at no lower link weight threshold,
# and at no upper link weight threshold.
# Links were treated as directed.
# No time limit was set for the clique search.

0: 549 10675 25063 2660 3355 4661 6569 7646 13561 4920 3458 3410 
1: 673 1166 69 2253 1214 
2: 10 1019 103 107 1159 1245 1312 1313 137 139 1599 162 1645 1941 304 3823 4012 404 4521 4704 53 783 100 101 102 1042 11 1168 1292 1580 1722 1962 1991 21 270 421 480 682 7 1000 1066 1344 1672 202 241 261 3611 3641 3868 736 832 136 335 362 3621 4477 797 321 870 119 1336 134 1633 2079 2806 303 337 369 4268 503 580 70 827 185 1908 277 287 324 1011 297 300 430 46 462 1752 238 498 770 1124 651 593 143 1814 1885 23 440 557 689 1613 639 652 1062 423 66 3564 1025 1048 110 112 173 2099 2234 67 69 692 87 111 1074 1091 3628 432 447 485 1197 24551 2463 2584 259 370 4502 629 662 1034 356 357 554 1037 1568 296 4217 615 237 5 796 92 1267 1338 1546 1652 199 2434 2632 3674 82 1748 198 1102 4540 916 630 1644 741 528 1300 1540 267 2738 306 390 482 52 1185 151 170 2783 39 4249 44 58 242 1573 1085 1877 305 3212 473 830 944 121 1740 1778 1799 180 1804 1824 197 209 221 2290 25 317 3807 3997 4145 706 961 1100 360 368 62 47 1493 1595 126 127 1381 1387 2364 2868 3284 3385 375 394 395 636 3095 854 1190 1966 331 571 1261 4231 227 272 4481 5166 771 1408 691 868 169 2236 2646 286 4375 738 246 997 3958 888 
3: 1159 238 557 896 398 
4: 1962 682 594 1283 1570 
5: 11 630 2780 61 674 1719 
6: 148 46 698 696 695 
7: 4521 238 498 1540 1377 
8: 1159 30 657 67 228 126 3541 130 1389 
9: 10 1312 1491 3414 4012 783 503 383 1233 227 
10: 1336 1124 4161 39 4530 
11: 4521 1336 4234 557 438 
12: 11 3868 3621 2444 738 
13: 673 675 1338 200 326 
14: 1159 770 1166 2253 1781 
15: 1599 53 101 1168 580 
16: 139 1941 1042 7 2632 342 
17: 137 1991 440 345 962 
18: 675 3868 3621 1338 235 
19: 1159 651 112 1300 2783 
20: 4521 11 1737 241 277 2234 60 259 199 844 
21: 137 4477 639 767 4359 
22: 3611 110 69 199 575 
23: 4521 1336 369 1197 438 2024 
24: 137 139 3929 356 3095 
25: 139 1042 21 12 1546 
26: 139 4477 12 2632 636 
27: 11 112 111 894 1824 
28: 4521 3641 736 1908 238 
29: 137 496 503 580 69 
30: 1245 139 1672 503 557 
31: 139 1042 1267 2632 360 
32: 1245 139 1042 300 3674 
33: 1512 651 143 630 170 
34: 783 1991 675 447 662 796 198 
35: 1512 783 675 796 691 246 
36: 1159 673 1166 2253 394 
37: 11 362 356 796 246 
38: 675 3868 362 321 246 
39: 4012 53 101 30 237 
40: 783 675 557 662 630 
