# The directed communities at k=5
# from D:\social_net\new_slots_salon24\7days_4_overlapping\roles\full_graphs\all_graph380.txt
# at no lower link weight threshold,
# and at no upper link weight threshold.
# Links were treated as directed.
# No time limit was set for the clique search.

0: 10 1036 1100 1160 13 1312 198 2436 245 30 434 502 611 691 783 93 100 101 102 103 1042 1168 1254 1313 137 162 1722 178 1885 481 53 557 7 87 1000 1066 11 1344 40 651 67 736 1336 202 2393 112 1991 200 418 477 802 1025 2434 69 321 534 58 1260 52 107 111 115 1191 1239 134 139 143 1580 1599 1633 1635 1737 179 1962 1968 2009 2236 246 2770 2942 324 360 37 379 419 438 46 462 629 827 840 869 927 983 996 362 1011 151 430 630 1159 2370 296 593 1804 1037 1019 199 468 485 496 5 583 614 867 1107 241 242 368 509 675 1361 1678 170 259 272 277 320 341 517 543 55 944 1166 3114 440 57 1748 1989 2086 345 503 580 62 673 1034 305 526 476 671 2290 367 104 117 528 237 106 124 18 1801 1947 267 415 424 539 82 623 206 105 132 615 23 2148 110 196 2771 3265 333 44 66 767 92 369 832 1089 295 1197 138 152 1534 489 562 574 77 877 2253 3021 1909 307 70 96 1102 1941 279 76 582 114 19 300 311 390 484 72 730 770 907 1981 2724 337 757 964 39 3217 221 609 796 459 896 3061 129 482 1756 781 1334 1778 894 329 2466 803 94 692 1576 23192 728 1841 
1: 1344 614 482 1369 1925 
2: 1344 67 657 1721 726 
3: 1312 348 783 996 1310 
4: 1159 394 2983 1221 770 
5: 7 241 1361 57 1919 
6: 101 1042 178 418 1311 1652 185 2237 2811 983 82 
7: 502 101 3141 46 699 
8: 404 1013 308 3380 637 
9: 1344 153 126 1391 50 657 228 808 1394 127 550 1387 
10: 651 1991 1801 1197 2024 
11: 30 2114 12429 1283 1661 23285 3458 1570 
12: 1066 1344 107 3177 994 
13: 447 1991 675 1576 2247 
14: 30 2770 2114 2685 3458 
15: 1991 534 1166 2253 571 
16: 135 131 2102 652 601 
17: 137 162 1885 1991 921 
18: 1962 1399 2114 1799 12429 1283 1625 682 1570 
19: 1159 296 303 758 390 
20: 611 101 481 1191 1580 3118 132 
21: 25350 12429 3458 6569 1570 
22: 1025 107 272 1398 50 
23: 200 107 419 1772 767 
24: 1066 1344 736 1011 228 
25: 134 2898 131 2102 601 
26: 7 736 242 671 1970 
27: 58 1159 296 375 758 
28: 348 7 1991 1025 450 209 
29: 611 783 101 178 419 
30: 101 107 1326 419 983 
31: 102 137 1991 485 1107 241 
32: 137 1991 1019 496 5 77 
33: 178 1885 2009 5 415 539 
34: 198 434 1239 179 613 
35: 178 7 418 2811 671 
36: 198 1042 87 326 539 
37: 11 736 202 112 111 689 
38: 736 2393 185 1159 19 
39: 11 462 277 673 424 
