# The directed communities at k=5
# from D:\social_net\new_slots_salon24\7days_4_overlapping\roles\full_graphs\all_graph369.txt
# at no lower link weight threshold,
# and at no upper link weight threshold.
# Links were treated as directed.
# No time limit was set for the clique search.

0: 10 100 101 103 1159 1292 1312 1313 139 1605 162 1941 21 2436 304 4012 4521 4704 494 503 52 575 636 69 783 827 1042 107 1168 1336 1991 270 3212 421 432 440 46 480 485 53 580 631 675 7 741 1000 1025 1066 1344 172 1737 1908 202 2099 229 23 241 261 295 297 345 3611 3641 450 66 68 736 797 944 962 1004 136 137 148 335 362 3621 4249 4477 11 1752 321 102 1580 1599 219 365 369 803 1011 132 1489 1785 1841 430 462 630 238 498 1013 119 2738 482 58 770 896 300 1493 1644 87 92 1546 1814 287 557 614 689 639 3564 3616 70 143 1918 692 76 894 1540 2434 111 4683 1037 2275 3628 385 3868 423 447 698 1100 1114 1536 1866 215 2584 62 1825 173 356 357 1496 1568 1721 1778 1970 4217 438 4764 539 651 5 1245 1267 199 2234 2632 305 324 342 35 394 805 112 615 796 1062 267 2868 296 303 306 390 4540 590 110 16 170 180 1954 228 329 401 44 528 714 738 1740 3330 1091 473 640 1750 1799 198 1995 221 235 2444 263 4684 593 752 790 82 886 1485 121 1211 2062 360 4690 4745 2237 560 67 578 192 209 4145 767 747 1134 1427 1149 781 2364 237 3284 3593 404 594 347 1190 1197 326 662 151 197 1408 2203 272 286 242 259 552 771 1981 867 246 4772 
1: 1283 1962 682 594 1570 
2: 10675 2660 3355 3458 4661 549 6569 7646 7050 3410 4920 5207 7913 
3: 894 551 657 1924 1391 
4: 30 894 63 126 127 129 551 657 130 1389 1720 550 1924 1369 2756 3538 4556 1387 2919 2920 941 
5: 894 67 126 1390 657 2258 
6: 1159 30 296 67 126 129 3284 550 
7: 169 1991 1599 462 87 3868 
8: 4521 69 261 347 4378 
9: 101 53 23 2806 4268 
10: 107 137 58 1814 4017 
11: 107 1991 369 58 2024 593 1197 
12: 1991 305 394 2024 1197 
13: 4521 241 11 277 60 
14: 4521 369 438 3816 662 2796 552 
15: 21 107 11 337 4114 
16: 2099 68 797 1004 335 
17: 1159 297 651 1267 2237 
18: 107 450 238 1568 303 
19: 10 4521 503 52 575 69 783 
20: 21 580 1580 852 3021 12 
21: 1599 1644 92 277 868 
22: 675 866 2237 259 4772 
23: 139 68 3564 2434 781 
24: 494 675 2099 68 286 
25: 1344 651 2002 403 662 
26: 575 783 480 675 394 360 
27: 1991 295 297 593 993 
28: 1344 238 1029 3868 447 
29: 675 1737 137 714 1750 
30: 1344 202 3868 651 348 662 
31: 139 1991 23 803 394 
32: 494 261 4764 651 305 
33: 1991 440 631 219 259 
34: 1000 2099 450 66 296 
35: 1991 485 962 219 87 
36: 4012 46 480 675 1489 246 
37: 101 107 148 365 369 
38: 1991 365 462 630 87 
39: 103 7 741 557 1100 
40: 783 107 1336 360 237 
41: 1159 675 2099 219 3564 
42: 1991 295 297 1644 662 
43: 4521 69 498 70 2434 
