# The directed communities at k=5
# from D:\social_net\new_slots_salon24\7days_4_overlapping\roles\full_graphs\all_graph360.txt
# at no lower link weight threshold,
# and at no upper link weight threshold.
# Links were treated as directed.
# No time limit was set for the clique search.

0: 1283 682 1799 1962 594 20658 
1: 1972 3655 416 583 1235 20 2642 2953 5710 5711 5492 829 
2: 657 1721 126 130 641 
3: 657 129 126 2919 3822 2756 550 
4: 1006 1283 24601 321 5829 682 2463 
5: 103 2009 53 1042 4949 
6: 103 139 783 101 1042 824 1312 21 3104 4949 503 55 9 1335 4791 
7: 539 944 1387 239 403 651 1159 2290 390 5917 300 593 1091 482 58 1970 126 153 1752 296 
8: 61 1493 47 1798 5285 
9: 803 1644 1991 365 61 1408 1493 662 1825 1799 50 2780 430 125 4319 868 2315 
10: 1722 61 47 49 632 
11: 308 1062 1321 324 3384 
12: 1672 2016 69 1690 2656 
13: 103 139 2009 53 783 803 101 1042 1672 66 1006 1025 11 1644 1991 23 5189 539 107 14 675 1109 1580 1599 170 1778 1984 2016 21 2243 2410 267 348 357 369 3868 394 480 5433 5452 580 722 73 757 775 867 944 962 1408 168 421 462 360 1100 237 403 583 87 1155 1344 303 5312 630 69 692 797 162 1885 3422 3486 5 610 910 3021 496 738 1040 2086 443 517 5266 651 691 440 132 662 106 1347 2627 796 2463 1079 1719 2308 3628 44 4539 5474 631 673 689 758 241 447 804 1909 39 832 37 326 2131 109 223 3593 485 58 137 235 2450 221 798 81 1153 206 949 3450 1775 270 3612 448 4825 1690 70 151 494 4032 732 5353 77 
14: 39 58 1124 1669 2447 
15: 783 101 3377 348 5531 5534 
16: 1991 611 360 1100 397 
17: 1722 988 47 49 294 
18: 1991 662 832 137 426 
19: 1722 61 1493 47 662 50 
20: 103 53 14 421 227 
21: 107 170 1155 1344 1347 112 
22: 803 1991 23 1340 58 
23: 11 107 1197 356 91 736 
24: 11 357 5346 69 3021 344 
25: 1991 580 2271 517 241 2223 
26: 4006 580 1100 910 466 
27: 481 611 1100 910 466 
28: 139 87 1546 1831 235 
29: 1991 2016 93 1885 137 119 
30: 139 101 480 481 611 
31: 103 1580 357 4945 87 
32: 101 1042 3104 5433 5452 
33: 103 1042 3104 5433 867 108 503 329 
34: 139 783 803 101 2728 3377 1100 
35: 803 2728 741 2177 58 
36: 428 107 830 3104 348 5433 714 
37: 1025 11 107 1344 303 356 
38: 107 267 1344 353 736 
39: 139 803 4936 2177 1335 
40: 139 101 267 3377 480 671 
41: 1991 403 662 593 50 
42: 139 66 824 69 4032 
43: 1991 360 496 326 3593 
44: 66 170 421 2131 1335 
