# The directed communities at k=5
# from D:\social_net\new_slots_salon24\7days_4_overlapping\roles\full_graphs\all_graph379.txt
# at no lower link weight threshold,
# and at no upper link weight threshold.
# Links were treated as directed.
# No time limit was set for the clique search.

0: 61 1493 1644 1798 5285 
1: 103 1292 178 1801 1941 282 329 360 539 557 783 93 100 101 102 1042 1254 1451 1885 1966 2434 55 675 7 796 87 988 1000 1066 11 1344 40 447 67 736 111 418 1025 1991 534 107 199 53 58 1019 1311 136 137 139 1580 1652 185 221 2237 246 2811 2942 3275 369 462 52 57 927 983 362 1011 430 1159 138 2370 2920 593 1804 1037 3078 112 113 1338 3343 421 468 496 840 867 968 993 1107 1334 242 480 485 562 648 154 279 348 450 517 689 390 580 806 94 440 1239 1457 161 1968 1989 2086 241 438 82 827 1672 1100 23 259 526 673 69 1644 1721 19 2364 272 296 330 367 368 786 326 651 169 18 180 424 629 630 2290 277 202 1599 2148 750 110 1147 1197 132 267 2771 3177 3265 333 46 478 50 732 808 92 1074 143 832 303 173 1133 114 170 1775 1970 198 2025 206 209 2966 314 3194 337 44 574 77 877 944 1389 220 657 307 392 509 70 96 1102 306 1185 641 797 802 692 623 294 39 370 838 126 1369 1394 176 228 482 614 730 770 1981 76 1173 671 434 2024 3217 151 459 521 830 1546 432 127 1670 2923 550 551 894 128 1485 503 1490 37 153 1778 300 702 726 994 1387 3312 660 803 86 1423 528 869 645 816 2780 977 785 191 1925 1961 923 861 
2: 12429 1283 2114 2868 7050 
3: 2434 1991 3275 3343 1368 
4: 1159 2983 1221 394 770 
5: 1159 476 19 641 991 
6: 242 562 1672 786 3419 
7: 61 1493 47 1798 632 
8: 10 1292 1801 2436 2972 783 
9: 10 1312 1801 502 783 
10: 1159 19 50 92 504 
11: 1399 1283 1570 1799 1962 682 
12: 404 1013 1180 308 3380 637 342 916 398 
13: 2101 877 415 821 674 
14: 3343 438 82 508 2000 
15: 1312 783 101 1042 950 996 
16: 93 988 1991 462 1804 440 294 
17: 1223 562 544 955 415 
18: 1991 462 1804 648 4 
19: 3355 25350 12429 3458 2660 
20: 100 101 162 481 611 
21: 101 481 611 1191 1580 3118 
22: 360 221 138 438 3194 
23: 360 139 640 242 440 
24: 107 1159 449 50 92 
25: 178 1941 57 179 3217 
26: 1166 2253 161 1968 345 337 1981 
27: 103 102 1991 139 480 
28: 1941 1991 651 46 896 
29: 783 101 137 927 983 496 
30: 178 2434 52 57 18 
31: 360 557 438 1034 526 
32: 1801 329 7 1991 692 
33: 783 1991 496 143 77 
34: 111 1338 1166 2253 337 
35: 101 2434 40 53 137 
