# The directed communities at k=5
# from D:\social_net\new_slots_salon24\7days_4_overlapping\roles\full_graphs\all_graph366.txt
# at no lower link weight threshold,
# and at no upper link weight threshold.
# Links were treated as directed.
# No time limit was set for the clique search.

0: 132 1011 148 1991 430 50 695 696 66 74 
1: 53 2463 2253 1166 3341 3664 
2: 1159 1312 1399 1449 21 35 356 4012 4249 5 630 675 783 100 101 103 1042 132 139 1451 1580 1603 198 2079 219 3 303 324 421 44 477 53 803 1066 112 1344 1672 261 428 651 796 82 832 11 1814 326 370 662 107 23 3868 580 81 1197 137 1599 221 277 3278 369 4268 611 631 639 1011 1991 2646 300 3284 3593 450 50 528 593 67 701 736 2290 767 30 1037 1394 170 66 110 1941 321 1025 1093 241 2516 199 270 636 69 692 76 894 394 111 1487 117 1336 1463 1491 22 235 4945 758 824 87 797 328 1970 200 296 3194 830 237 440 4889 4925 673 70 996 2177 23238 227 1091 1134 1166 1241 1778 1885 246 2612 2783 3452 4449 4822 52 58 1784 706 92 1595 39 62 786 2009 251 2780 3330 462 5000 61 674 682 689 750 752 962 202 4231 867 944 1801 485 1740 5090 788 563 1273 304 360 4936 905 3446 1398 1752 2254 26 482 771 1750 25 397 209 353 1293 197 259 37 1526 4299 714 1715 914 1837 1969 2665 607 443 242 
3: 126 1394 657 3538 550 551 1400 130 1389 3597 4556 3940 
4: 630 53 3593 674 3612 
5: 10 1312 503 783 101 1611 2972 
6: 10 1159 2436 35 480 
7: 356 630 1119 1236 283 
8: 2463 682 1799 594 1962 
9: 47 1493 1798 61 632 
10: 126 657 3538 550 551 225 
11: 2463 7269 2660 4661 25063 3355 3458 7646 
12: 662 552 438 1825 4915 
13: 496 11 595 69 263 
14: 324 498 1062 2738 916 
15: 67 894 657 130 808 
16: 7269 549 4661 25063 7646 
17: 1722 49 47 61 632 
18: 4249 1991 1463 797 852 
19: 630 631 1991 1336 491 
20: 261 662 69 4299 914 
21: 1159 498 2290 1062 2738 4540 238 
22: 1449 1991 886 1518 816 
23: 10 35 4012 675 691 
24: 1159 894 287 375 39 
25: 1672 701 797 209 192 
26: 1672 651 111 1801 4936 
27: 104 261 1991 66 237 
28: 103 421 1991 87 886 1465 
29: 132 303 3868 1991 50 150 758 
30: 477 3868 69 788 286 187 
31: 24601 651 148 1991 430 
32: 1399 1283 7269 416 549 
33: 651 832 1991 450 1134 
34: 477 261 69 4324 788 
35: 2271 580 241 4945 259 
36: 132 1991 87 886 485 1750 
37: 11 662 894 111 136 
38: 101 139 552 360 242 
39: 1580 580 552 69 867 
40: 580 552 438 4915 360 
41: 503 477 496 580 69 
42: 1011 1991 593 67 736 
43: 4249 261 3868 1991 66 1463 3628 
44: 137 1991 2516 867 3628 
45: 496 11 580 270 69 
46: 1042 53 1991 287 996 
47: 261 1991 328 944 714 
48: 11 107 528 1487 1166 
49: 580 241 871 1100 867 
50: 3816 797 830 251 962 
51: 132 107 3868 1197 50 
52: 832 1991 450 1463 52 
53: 4012 4249 421 1941 692 
54: 1603 421 736 241 692 
55: 101 580 1197 369 360 
