# The directed communities at k=5
# from D:\social_net\new_slots_salon24\7days_4_overlapping\roles\full_graphs\all_graph367.txt
# at no lower link weight threshold,
# and at no upper link weight threshold.
# Links were treated as directed.
# No time limit was set for the clique search.

0: 1283 1399 549 7913 6569 
1: 126 894 657 1394 1390 153 550 551 130 1389 1400 2258 3538 67 3815 4556 3940 225 3232 
2: 10 1310 2772 783 1966 
3: 10 100 1159 1312 21 2436 35 356 394 4012 480 5 503 675 691 783 790 101 103 1042 1160 132 1580 23 303 44 496 53 630 682 803 87 1000 1066 107 112 1344 1672 1987 1991 202 2177 261 295 428 528 614 651 66 686 69 736 832 1011 1091 11 1595 1603 170 1885 4915 607 1006 321 326 47 797 137 1599 2079 3593 365 4268 580 631 996 639 148 1785 2708 300 430 4925 50 482 30 750 692 1399 416 930 2516 1025 3868 76 894 971 508 1166 1750 111 138 1487 219 3266 114 1233 1313 136 1546 1609 162 1630 235 2780 3212 37 58 7 867 1037 1970 296 3194 593 662 830 241 1197 220 440 635 673 689 1100 70 305 306 348 110 1134 1155 169 1778 2002 2324 246 277 3284 3452 3628 401 447 4822 52 623 727 74 758 831 1784 2290 375 92 1814 199 2223 109 796 34 4772 1540 1752 2452 462 5000 61 788 485 180 78 450 2275 81 86 2378 333 360 4249 478 599 636 767 39 732 2364 239 4936 944 403 200 3759 206 209 449 1274 1262 67 978 5112 221 3275 242 886 1616 491 314 655 197 3330 198 270 347 6950 
4: 1283 30 416 549 1570 3458 
5: 100 503 783 1160 477 496 
6: 657 1394 239 228 3815 
7: 47 1493 1798 61 632 
8: 1159 482 1062 2738 306 3386 
9: 1369 657 129 1387 239 
10: 10 1159 2436 35 480 
11: 324 498 1062 2738 916 
12: 1159 237 1091 4915 498 4925 1062 2738 4540 4822 4249 238 2632 
13: 438 4915 277 4822 10931 8458 
14: 1722 49 47 61 632 
15: 894 657 1394 239 887 
16: 1000 202 69 788 688 
17: 5 1991 350 1399 345 
18: 295 651 300 4955 111 
19: 651 300 4955 944 297 
20: 630 87 47 61 632 
21: 69 199 788 3759 816 
22: 4012 736 692 200 6950 
23: 4012 112 639 328 1941 2646 68 
24: 1672 438 797 1037 593 662 
25: 651 76 12 277 297 
26: 1185 44 797 673 2003 
27: 107 1004 11 1336 277 
28: 1991 686 170 2009 894 111 
29: 790 261 69 259 277 
30: 1672 69 235 867 70 
31: 1672 69 235 52 796 
32: 1991 261 69 830 242 
33: 66 832 4925 2364 403 
34: 107 1672 11 1947 1814 
35: 2177 580 871 1947 219 
36: 428 651 4925 7 70 403 
37: 1344 3868 76 111 662 
