# The directed communities at k=5
# from D:\social_net\new_slots_salon24\7days_4_overlapping\roles\full_graphs\all_graph368.txt
# at no lower link weight threshold,
# and at no upper link weight threshold.
# Links were treated as directed.
# No time limit was set for the clique search.

0: 1283 1570 1962 594 682 
1: 1369 894 62 1390 551 657 126 1389 153 550 2756 2258 4556 1394 1936 2919 2920 3232 
2: 1283 10000 324 3355 4661 4920 30 4309 10675 3458 549 6569 416 1179 1570 1399 7050 7913 13561 7646 2660 
3: 10 100 101 1292 1312 21 2436 2972 394 5 503 53 575 69 783 790 827 102 103 1042 107 139 1451 23 3212 39 46 480 580 741 87 1000 1025 112 1344 1991 202 2099 241 261 295 297 450 528 66 675 736 797 832 944 962 11 1336 137 1603 170 1885 263 4249 1752 326 1580 219 370 3868 1271 1066 1159 148 1785 2708 430 4925 630 1012 482 50 557 1966 30 58 300 1644 61 92 1019 12 143 1536 259 47 614 673 930 993 1062 1599 4955 7 70 496 76 894 1546 485 1100 1233 1313 136 162 215 2584 303 62 1037 1721 1778 1970 296 593 662 304 1197 305 3564 369 4833 689 4012 796 306 390 348 111 1155 180 1941 1954 2372 238 246 356 3628 365 401 403 423 44 447 651 727 35 2223 4772 1624 270 462 508 539 2024 277 67 1784 209 599 868 416 187 2364 3284 631 1160 347 1181 132 816 594 82 3157 383 198 4690 353 200 2290 623 242 81 867 206 192 314 220 948 
4: 1493 1644 61 868 870 
5: 10 1310 2772 783 1966 
6: 1493 61 47 1798 632 
7: 1159 300 306 3386 3155 4830 
8: 10 1310 21 237 69 783 796 
9: 438 552 662 3816 4521 2561 
10: 1369 239 3822 129 551 657 550 1387 
11: 1000 2099 241 66 296 4449 
12: 438 1825 662 403 173 
13: 30 150 4050 831 1121 
14: 69 2099 796 110 1485 
15: 1025 736 797 1814 2720 242 
16: 139 675 3868 360 747 
17: 675 962 3868 209 77 
18: 1019 150 4050 47 595 
19: 790 675 219 259 1573 
20: 46 1344 202 698 651 
21: 69 11 263 3868 76 
22: 69 788 816 3759 199 
23: 832 50 662 403 582 
24: 4925 7 70 403 2026 
25: 69 1000 2099 261 675 68 
26: 750 1100 303 62 651 
27: 1991 993 662 4012 348 599 
28: 69 1025 2099 1966 76 
29: 1991 962 11 219 485 796 3330 
30: 295 50 300 287 651 
31: 50 287 403 651 623 
32: 580 1987 7 496 304 
33: 783 1979 1536 70 662 
34: 1991 66 1066 993 348 
35: 1991 736 219 2002 631 
36: 107 46 480 675 1489 246 357 
37: 394 69 76 369 1245 
38: 100 107 139 46 480 
39: 4925 557 7 70 1197 
40: 139 675 3564 360 242 
41: 394 783 1336 3868 3628 
42: 580 1580 1019 12 673 
43: 783 962 557 70 360 
44: 107 139 1991 11 557 485 242 
