# The directed communities at k=5
# from D:\social_net\new_slots_salon24\7days_4_overlapping\roles\full_graphs\all_graph387.txt
# at no lower link weight threshold,
# and at no upper link weight threshold.
# Links were treated as directed.
# No time limit was set for the clique search.

0: 1006 1399 24601 321 5829 
1: 3355 7646 1190 13561 4920 3103 
2: 1283 1399 682 1625 2780 
3: 178 580 241 1098 1223 
4: 10 103 1042 1091 110 137 139 178 421 52 580 7 241 66 727 170 593 785 107 112 168 179 259 3 830 94 11 1253 296 359 360 673 675 262 70 907 199 239 636 87 300 432 53 55 762 219 305 329 528 69 1025 261 482 1159 308 395 398 401 404 637 183 200 475 480 387 651 111 188 281 82 117 40 46 526 543 712 92 767 584 189 342 796 173 1338 172 176 201 238 242 68 849 64 9 954 180 293 324 57 473 485 1336 390 468 58 415 60 237 393 277 752 18 577 410 272 279 484 714 
5: 101 134 1579 481 611 
6: 1283 1399 12429 2994 3761 2114 
7: 30 1381 550 668 551 403 552 1938 
8: 673 1168 53 821 415 
9: 10 102 502 503 704 783 
10: 534 200 44 277 868 
11: 103 421 87 689 798 
12: 110 170 673 675 1338 954 
13: 52 7 199 219 114 
14: 359 362 528 624 590 
15: 52 673 954 957 415 
16: 66 593 296 750 67 
17: 199 447 305 200 651 92 
18: 1344 199 305 57 1124 
19: 110 328 112 736 188 
20: 112 259 736 188 722 
21: 112 1344 305 651 46 
22: 112 259 188 450 57 
23: 110 107 112 1066 651 
