# The directed communities at k=5
# from D:\social_net\new_slots_salon24\7days_4_overlapping\roles\full_graphs\all_graph373.txt
# at no lower link weight threshold,
# and at no upper link weight threshold.
# Links were treated as directed.
# No time limit was set for the clique search.

0: 10 103 11 1338 162 241 3480 673 675 69 82 87 996 1042 321 3593 440 462 485 53 58 580 629 988 1025 1344 1991 202 287 348 736 797 110 450 770 4851 1270 1801 242 238 3390 430 139 1672 40 671 62 104 107 2671 1197 894 1313 1885 1968 2584 630 300 438 200 362 3868 46 869 93 137 532 614 832 692 1487 1910 246 3557 3862 4161 437 528 651 691 76 750 1599 1804 919 81 86 698 5 1541 477 518 1644 237 802 2772 335 92 259 868 221 360 79 987 1981 416 1979 507 4231 4104 1969 198 432 517 534 1645 294 738 365 220 
1: 695 46 698 148 696 
2: 484 238 482 139 1091 480 300 1062 390 4246 1159 2738 313 915 360 261 1321 2868 4516 4024 306 3380 3934 
3: 673 675 370 1229 4231 
4: 657 660 153 1387 1720 
5: 675 418 3548 151 4251 
6: 1283 1399 2114 1625 1799 1962 682 1570 
7: 1991 61 870 1644 1798 868 47 1493 
8: 238 1091 1354 2738 4228 342 
9: 69 996 1991 326 1492 
10: 11 1991 6194 1804 4 498 
11: 482 390 1159 1970 1389 
12: 1991 1801 1599 1644 169 
13: 320 137 1487 3862 1374 
14: 241 287 869 651 436 
15: 675 1025 1672 1740 1885 
16: 308 139 4246 2738 395 
17: 11 1991 61 795 1910 
18: 87 100 101 3593 462 53 629 
19: 1991 4851 4 1644 2780 
20: 485 1991 614 270 3329 
21: 675 46 137 418 866 
22: 238 139 2738 342 198 
23: 3480 746 450 219 197 
24: 996 1991 450 219 220 
25: 103 162 1042 139 1122 
26: 69 996 1991 76 1130 111 86 
27: 770 233 907 360 507 
28: 1991 277 1599 1644 92 
29: 675 87 139 1672 3611 
30: 580 1991 1801 1968 337 1644 92 
31: 675 87 3593 1672 5 
32: 112 1672 52 3578 197 
33: 11 675 82 369 362 1947 
34: 673 1991 326 1885 1086 
35: 673 675 1885 362 46 357 
36: 53 139 46 357 907 
37: 1000 1991 348 797 40 
38: 107 630 692 170 44 
39: 673 675 87 100 1042 3593 
40: 3593 1991 348 107 1910 651 
41: 1344 1991 614 1487 1644 
42: 675 69 202 631 1487 
43: 1991 1801 62 246 1644 
