# The directed communities at k=5
# from D:\social_net\new_slots_salon24\7days_4_overlapping\roles\full_graphs\all_graph365.txt
# at no lower link weight threshold,
# and at no upper link weight threshold.
# Links were treated as directed.
# No time limit was set for the clique search.

0: 7269 2463 549 10675 2660 4661 7646 3355 3458 25063 
1: 61 1493 47 1798 868 870 
2: 3593 53 630 674 3612 
3: 657 126 129 1389 1400 550 130 
4: 10 1312 21 4249 503 783 100 101 103 1042 1160 1292 139 1451 1603 2079 2645 421 4945 53 1066 662 1107 1599 2452 1011 1159 1672 1752 3284 593 630 66 67 1012 2290 300 482 58 944 394 1941 692 750 803 137 111 1037 296 104 237 796 1091 1792 1778 62 894 92 1114 200 2271 126 1377 1394 1784 2254 246 26 3446 360 39 401 52 259 2972 1611 665 854 
5: 5189 1011 1785 1841 430 462 93 
6: 783 2645 1599 639 1270 
7: 139 1690 1941 1991 796 9 635 
8: 657 887 1394 550 1391 
9: 2463 1799 1570 594 1962 
10: 2290 296 4540 306 308 
11: 657 126 3172 153 1721 
12: 1722 49 61 47 632 
13: 2290 381 4540 2738 308 
14: 1168 2806 3655 955 1748 
15: 221 112 30 110 270 803 137 70 3021 799 69 1487 4231 4247 
16: 101 580 134 2590 611 4070 
17: 100 139 1885 2079 3593 421 44 5 53 736 11 321 5189 107 3868 1599 369 867 112 1672 261 3197 450 462 630 66 944 30 7 110 1941 440 1021 1025 241 270 651 692 137 1991 111 1336 758 104 796 1788 70 202 304 2410 560 631 714 675 1518 1093 1487 251 428 689 869 92 4231 485 2009 82 3094 426 91 1740 2796 4299 87 242 
18: 2290 303 4540 2738 395 
19: 4249 1690 440 1991 796 209 640 
20: 101 1292 2079 5189 919 
21: 1159 3284 66 253 905 
22: 1449 593 1991 1778 81 
23: 662 438 1536 1825 4915 552 
24: 783 101 1292 2590 611 
25: 11 1991 796 267 752 
26: 1785 430 462 651 1991 675 
27: 762 630 30 137 91 
28: 421 3868 66 701 30 237 
29: 3868 580 261 69 4324 788 477 187 286 
30: 450 528 220 1991 328 4231 
31: 1042 430 30 1025 35 
32: 1885 326 168 1991 496 
33: 450 1991 111 1463 560 
34: 139 1885 630 798 237 
35: 1885 3593 1599 462 630 365 639 1991 132 673 92 87 
36: 30 110 741 803 2177 
37: 261 137 1991 1093 426 
38: 321 867 66 871 675 1740 173 
39: 321 867 1991 202 1740 
40: 107 261 111 4324 788 
41: 3868 221 867 112 69 
42: 503 101 4945 580 369 611 
43: 611 30 1941 3021 894 
44: 736 112 450 58 1991 328 202 
45: 421 450 1463 197 52 
46: 630 394 137 1991 1518 
47: 3868 112 758 69 4324 
48: 662 3868 30 758 69 
