# The directed communities at k=5
# from D:\social_net\new_slots_salon24\7days_4_overlapping\roles\full_graphs\all_graph362.txt
# at no lower link weight threshold,
# and at no upper link weight threshold.
# Links were treated as directed.
# No time limit was set for the clique search.

0: 682 1962 594 1799 1570 20658 
1: 583 1235 20 2642 5492 3655 2953 
2: 580 1159 241 1221 1814 
3: 67 1159 593 241 1344 1027 296 2290 1487 1644 305 482 5482 4675 
4: 5346 988 237 5313 560 
5: 47 2780 1493 61 1798 5285 632 
6: 1991 1580 241 1740 539 
7: 308 1159 1062 2290 2667 2738 3380 390 
8: 10 1292 1312 2444 783 
9: 1722 47 49 62 294 
10: 21 1991 868 630 1778 
11: 100 101 103 1042 1168 21 11 1991 2009 365 1451 1580 1599 2812 421 462 53 1885 496 1672 630 5 111 132 3593 360 
12: 11 1991 630 2780 674 
13: 657 67 894 228 1387 
14: 139 1991 571 1159 241 5353 
15: 1991 571 241 111 832 
16: 1991 241 858 832 867 
17: 783 139 1991 421 662 1159 2573 241 803 722 1091 5433 4539 58 30 237 692 443 3017 
18: 103 139 1991 218 360 
19: 139 1991 480 241 4764 
20: 682 868 2780 1493 1799 
21: 1991 303 241 1338 689 
22: 1159 593 1066 651 305 
23: 1991 326 109 170 651 
24: 5346 1991 237 485 4499 
25: 1991 1580 421 549 241 5353 
26: 462 673 1885 630 370 
27: 1991 87 1672 438 3628 111 81 
28: 1991 803 4539 562 638 
29: 1991 241 788 143 744 151 
30: 21 1991 53 450 803 170 692 1399 
31: 139 5463 241 3 5433 
32: 1991 170 651 797 111 
33: 1991 67 736 170 66 5180 
34: 1991 662 348 4231 3017 
35: 5346 783 348 1672 173 
36: 580 1159 241 237 173 
