# The directed communities at k=5
# from D:\social_net\new_slots_salon24\7days_4_overlapping\roles\full_graphs\all_graph371.txt
# at no lower link weight threshold,
# and at no upper link weight threshold.
# Links were treated as directed.
# No time limit was set for the clique search.

0: 10 101 103 107 1312 1313 137 1512 1599 404 496 503 53 673 783 827 100 102 104 1042 11 1168 1292 162 169 3628 480 639 652 87 1000 1344 202 241 295 3868 736 832 1159 182 304 4483 2463 61 870 139 1336 2079 30 3997 4012 4245 4268 449 692 70 185 277 324 300 350 797 636 1804 630 593 143 1019 1885 1991 23 345 440 5 1613 580 608 1062 3934 395 1025 110 1124 1233 1672 270 67 69 1091 21 112 24551 2584 4161 421 4502 4521 629 1034 180 462 651 1037 1814 2290 296 40 615 82 830 170 237 796 1338 1652 2434 2632 3674 7 238 916 849 1644 200 261 390 482 111 1185 1197 1267 136 1719 198 2099 2780 2783 362 39 423 4367 437 44 443 447 46 5166 52 691 741 1074 348 58 242 1145 305 3284 398 4145 771 1740 1824 197 1981 294 317 360 3807 528 674 988 1102 4017 37 62 1969 438 530 2806 671 1387 1498 306 3385 4029 4352 494 259 335 1966 4249 331 662 950 1541 557 1399 484 4231 227 4481 92 370 868 246 2466 2665 632 2646 811 272 4386 2349 
1: 2868 10675 13561 3355 3458 4661 549 6569 13814 7646 4806 
2: 1599 580 5166 23192 2665 
3: 1336 1124 4161 39 4530 
4: 61 2780 47 632 1798 
5: 673 87 1991 2780 1086 2003 
6: 1062 238 2868 390 4540 2738 
7: 696 148 46 695 698 
8: 783 4100 608 563 4084 
9: 107 736 1124 651 1085 
10: 103 100 1625 1722 1962 682 1399 
11: 1625 1962 682 1799 1570 
12: 1962 682 1283 1399 1799 
13: 270 69 261 46 3141 
14: 107 23 110 1226 1719 688 
15: 139 1091 2632 238 362 
16: 449 1814 294 49 988 
17: 11 1804 630 462 44 4 6882 
18: 736 832 651 170 2646 
19: 496 1885 1991 5 635 1338 
20: 107 143 2434 251 869 
21: 103 53 1042 139 21 
22: 137 69 24551 2099 3095 
23: 783 139 24551 237 3674 447 3095 4029 557 
24: 87 2463 170 528 1403 
25: 11 1804 4161 2434 75 
26: 11 736 4161 691 75 
27: 1599 1159 1991 631 92 
28: 162 1019 1991 631 1326 
29: 53 630 1991 430 1748 
30: 11 69 651 750 200 46 
31: 1336 797 1197 438 394 
32: 137 270 69 4161 261 
33: 53 630 143 2434 4231 
