# The directed communities at k=5
# from D:\social_net\new_slots_salon24\7days_4_overlapping\roles\full_graphs\all_graph363.txt
# at no lower link weight threshold,
# and at no upper link weight threshold.
# Links were treated as directed.
# No time limit was set for the clique search.

0: 682 1962 594 1799 1570 20658 
1: 47 682 61 868 1493 2780 1644 5285 1798 1799 632 
2: 1991 630 2271 5353 633 
3: 100 101 103 1042 1168 1292 1312 137 1451 1580 21 528 53 675 682 783 11 1991 326 5189 1107 139 1599 162 1919 2434 2590 267 2812 421 4268 462 4945 5266 549 580 611 662 781 988 736 107 394 67 1885 2009 1672 496 583 609 241 300 485 803 1159 1025 2645 348 767 1085 1338 3017 701 762 218 3593 481 630 886 261 132 30 4925 639 109 353 797 770 110 1536 200 651 66 927 1518 150 377 692 170 1814 5 894 328 69 143 173 426 270 111 365 3957 1122 3929 237 593 595 1191 1715 1326 4032 2271 738 961 2463 788 443 151 1844 4017 640 5353 87 209 5316 
4: 25357 4661 7646 3458 4344 2907 
5: 657 67 126 660 1720 63 
6: 1394 657 200 126 660 1387 
7: 1991 421 241 2056 2271 
8: 1991 1672 3628 111 438 87 
9: 1991 736 832 301 858 
10: 1722 47 49 61 770 50 632 
11: 1042 137 2434 4945 736 5383 
12: 394 202 3017 66 259 
13: 241 5312 3017 66 259 
14: 137 1107 4945 736 241 
15: 1991 485 607 3017 270 
16: 580 241 1338 1274 12 
17: 300 1159 200 651 2290 296 482 593 1344 
18: 1991 736 485 426 301 
19: 101 1580 21 1599 580 
20: 103 1991 1885 1672 4791 
21: 1991 2009 261 944 4032 
22: 1991 803 3017 691 461 4936 
23: 1991 662 1672 3593 1616 
24: 137 241 70 1814 702 
25: 1991 139 394 485 2171 
26: 139 300 803 2171 30 
27: 1991 662 803 261 170 
28: 137 736 107 630 30 691 111 
