# The directed communities at k=5
# from D:\social_net\new_slots_salon24\7days_4_overlapping\roles\full_graphs\all_graph372.txt
# at no lower link weight threshold,
# and at no upper link weight threshold.
# Links were treated as directed.
# No time limit was set for the clique search.

0: 1312 1042 58 636 639 1037 1004 1159 182 239 484 137 480 261 1970 593 296 1150 139 803 238 3934 1091 1338 300 237 1335 2290 482 1102 119 185 2738 306 3284 3641 4246 915 360 362 4017 1389 1498 390 4029 4483 747 347 259 1221 1321 4516 741 4024 2661 771 
1: 3458 2868 4920 549 13814 1570 13561 3355 4231 4661 7646 2660 
2: 580 1599 5166 2665 23192 
3: 106 673 783 827 100 101 103 104 1042 1168 162 1625 169 321 3593 3628 481 58 629 636 639 675 87 1025 11 1344 202 3868 736 182 871 1991 2463 4851 61 870 137 449 692 1979 261 438 797 593 1493 1804 630 430 136 139 326 40 440 5 631 671 69 758 107 1338 1672 1740 348 450 112 1313 1885 2584 277 4012 462 170 241 46 53 93 517 562 67 750 73 132 200 549 1130 143 1487 1599 1910 2671 3862 4161 4367 5166 651 691 996 1185 270 360 4 919 988 832 447 1719 1969 47 744 528 335 259 92 79 350 1283 1644 2780 987 1635 3452 4231 614 738 802 1381 52 868 1798 246 2466 534 632 294 365 2009 
4: 1159 484 296 1062 2290 482 
5: 673 675 1229 370 4231 
6: 39 58 1159 107 1124 4161 2447 
7: 696 107 695 46 148 698 
8: 2806 227 1233 3911 4231 
9: 1625 1722 1962 2463 1283 1399 1570 1799 682 
10: 1991 1283 1799 2780 682 
11: 2463 549 1283 1399 7269 
12: 321 671 69 532 86 
13: 1312 503 783 101 102 1042 
14: 100 39 58 642 4161 988 1671 
15: 496 1991 1019 1492 326 631 69 996 89 
16: 58 1991 40 450 462 360 81 
17: 3868 1991 2671 81 335 
18: 675 137 46 866 418 
19: 673 87 1025 2463 583 
20: 1962 58 30 3754 259 
21: 202 1991 630 440 13 
22: 636 1344 239 1991 107 46 614 392 
23: 139 241 46 37 1541 
24: 675 87 137 2271 630 139 758 803 362 
25: 11 200 1910 2099 4249 
26: 58 295 1159 40 394 
27: 326 69 996 259 4231 
28: 580 11 82 53 1599 
29: 3868 1595 750 4161 651 
30: 202 630 440 82 143 
