# The directed communities at k=5
# from D:\social_net\new_slots_salon24\7days_4_overlapping\roles\full_graphs\all_graph381.txt
# at no lower link weight threshold,
# and at no upper link weight threshold.
# Links were treated as directed.
# No time limit was set for the clique search.

0: 1013 1023 1062 404 398 
1: 2925 3070 2516 2058 3074 
2: 2625 2953 416 583 1972 5492 
3: 10 105 1100 1310 1312 1313 1336 139 178 196 198 434 502 503 607 611 783 100 101 1019 103 1042 1160 137 1451 1580 162 179 1885 2148 2434 53 55 629 7 827 11 1122 220 241 528 651 736 202 2393 1049 1114 143 170 1991 2167 235 3021 69 58 1260 52 111 113 1168 1191 1239 132 135 1599 1962 1968 2236 237 262 2770 324 360 37 40 415 432 438 44 462 466 496 580 840 869 87 950 1159 296 1635 1989 282 2966 30 357 369 485 82 2930 107 277 944 279 305 1748 421 57 62 93 673 1185 3042 526 534 871 2942 476 671 2002 261 430 468 539 640 77 124 1947 242 767 440 803 329 392 206 910 94 295 39 642 675 303 867 5 152 1534 1804 1814 246 517 562 563 138 209 781 609 801 2022 133 270 70 92 794 529 635 993 2164 27 806 1812 584 2271 877 78 
4: 1344 651 1300 58 44 1159 296 593 107 300 482 1037 176 267 2290 246 306 1778 228 311 390 484 19 1398 808 668 
5: 30 2114 12429 5880 878 
6: 30 12429 15056 1661 3458 
7: 1344 50 126 657 1670 941 
8: 3355 7646 13561 549 6569 2868 2660 4806 
9: 1019 1989 2953 416 583 
10: 1344 482 390 1369 2254 
11: 1962 2114 1799 1399 1283 1625 682 1570 
12: 126 657 129 403 551 
13: 135 131 2102 652 601 
14: 1344 30 126 657 228 1387 
15: 139 137 1690 259 201 
16: 907 419 580 107 983 
17: 134 131 2102 2898 601 
18: 2434 242 1908 2022 2797 
19: 419 107 767 200 1772 
20: 137 736 202 206 180 
21: 178 1991 1599 630 5 
22: 139 2393 2930 526 303 517 
23: 198 179 11 1239 613 
24: 1885 2434 11 202 170 732 1025 107 272 277 767 200 728 
25: 220 736 1991 69 262 
26: 11 840 107 104 117 
27: 1991 69 496 46 993 
28: 11 736 40 295 110 
29: 178 611 783 101 419 580 
30: 143 1991 69 496 471 
31: 11 279 421 440 803 
32: 137 1885 496 104 2002 468 
33: 137 11 87 673 2002 
34: 139 52 1361 272 635 
35: 2434 44 2942 1990 1908 
36: 434 137 179 202 1239 
37: 139 170 324 1361 272 
38: 11 2393 111 296 82 758 
