# The directed communities at k=5
# from D:\social_net\new_slots_salon24\7days_4_overlapping\roles\full_graphs\all_graph361.txt
# at no lower link weight threshold,
# and at no upper link weight threshold.
# Links were treated as directed.
# No time limit was set for the clique search.

0: 416 583 3655 1235 20 2953 2642 5492 
1: 1644 1991 1493 1799 2164 1242 2780 61 1798 1408 4319 5285 868 47 870 
2: 1387 657 129 126 2919 3822 2756 
3: 1283 682 1799 1962 594 20658 
4: 39 58 1124 1669 2447 
5: 103 2009 53 1042 21 4949 
6: 803 1644 1493 1799 2315 
7: 10 103 1292 139 2009 53 5346 783 803 824 1168 21 70 1672 11 1644 1991 23 365 5189 107 1580 1599 3 303 348 3593 44 462 4860 580 638 673 691 767 1011 132 1785 3816 421 5463 75 1885 662 87 1159 1100 237 185 109 5452 110 241 692 370 503 630 5433 1616 394 5 485 508 440 58 2177 170 1719 1792 267 5474 573 675 424 1091 362 403 418 199 674 840 3621 4231 631 1814 5353 571 430 360 1315 2728 4032 788 368 741 
8: 1722 49 61 47 632 
9: 237 610 736 1909 358 
10: 139 1644 1387 239 1159 593 614 241 2364 4936 1062 129 2290 2667 2738 296 300 308 3380 390 58 916 1091 403 482 126 305 1778 3284 5482 153 
11: 1006 1283 1661 682 2463 1399 
12: 1991 1011 1369 657 2463 
13: 1991 348 651 832 1518 
14: 10 1292 1312 2444 783 
15: 803 1991 2086 267 2016 
16: 1722 1991 662 1493 394 267 5474 1825 1799 403 50 426 430 61 47 
17: 824 70 1991 66 4825 
18: 1312 139 783 503 557 
19: 5346 1991 44 662 1825 
20: 1991 638 5474 426 4775 
21: 1991 241 867 858 832 
22: 11 580 767 3628 81 
23: 1006 11 1991 321 2463 
24: 5346 348 202 1652 360 
25: 1991 241 111 832 571 
26: 1672 11 1991 170 111 
27: 66 107 4860 3021 738 170 5312 4032 
28: 139 803 4936 2177 1335 
29: 1066 593 300 651 305 
30: 11 69 675 199 788 
31: 139 428 722 58 3621 
32: 5346 1672 11 37 69 
33: 803 5433 3021 5312 4032 
34: 139 3 480 241 5180 671 
35: 103 139 480 5180 360 
36: 139 1991 480 267 360 
37: 1991 4539 267 2016 360 
38: 5346 11 23 767 69 736 631 
39: 139 428 3 1546 58 
40: 139 1991 673 675 2308 
