# The directed communities at k=5
# from D:\social_net\new_slots_salon24\7days_4_overlapping\roles\full_graphs\all_graph364.txt
# at no lower link weight threshold,
# and at no upper link weight threshold.
# Links were treated as directed.
# No time limit was set for the clique search.

0: 657 67 660 126 1720 
1: 682 1570 1799 1962 594 
2: 1991 630 2271 5353 633 
3: 100 101 1042 1160 1292 1312 137 1451 1580 1885 2079 21 2645 3593 44 4945 5 53 675 783 326 5189 1315 139 1599 2434 2452 2590 339 421 4268 503 580 662 762 798 827 86 919 736 1672 462 1159 300 2009 1221 871 2171 473 348 803 1991 145 630 30 132 286 4925 770 304 109 1814 1518 673 92 1326 4231 237 894 87 1715 52 2271 9 284 274 897 5353 5180 
4: 5266 662 485 3017 4017 5316 
5: 61 1798 47 5285 1493 1644 632 868 
6: 53 1599 1991 2463 2780 2957 
7: 1159 2738 2290 2868 1190 
8: 137 630 30 3021 799 1244 69 4231 4247 
9: 1722 11 61 49 47 632 
10: 528 11 1025 4010 738 
11: 2645 394 1012 1159 238 300 482 202 2290 200 651 1091 58 92 3587 129 1778 1970 296 3284 593 360 
12: 139 421 1792 2271 854 
13: 139 4268 1159 2738 344 
14: 1042 137 4945 639 2632 
15: 736 107 485 109 1814 200 4017 593 
16: 736 1603 286 202 3275 
17: 61 770 47 50 632 
18: 137 736 107 261 70 1941 4496 5264 
19: 151 1991 447 1518 2066 
20: 137 394 1563 1290 2271 
21: 832 736 1991 301 858 
22: 110 508 1074 69 198 
23: 736 107 1603 202 1545 
24: 832 394 1991 1518 81 
25: 101 1292 1580 134 2590 421 580 611 781 
26: 750 139 300 2171 702 803 104 30 562 
27: 1042 498 286 4925 962 
28: 5189 2452 662 762 394 485 348 1991 3017 
29: 736 202 1545 1091 328 
30: 137 5266 736 485 1991 738 7 
31: 137 21 11 139 3085 421 107 1672 1221 440 1991 630 738 1244 87 2271 7 
32: 139 421 4925 392 360 
33: 675 750 867 66 1740 788 
34: 750 867 485 1941 788 
35: 300 770 47 593 50 
36: 326 736 1672 261 110 485 2171 1991 202 651 1518 450 614 324 426 1941 1837 237 301 1740 
37: 1885 5189 2308 4324 762 485 508 1991 944 1518 328 69 1326 4032 
38: 137 611 30 3021 894 
39: 675 736 110 30 23 1074 69 
40: 675 702 1074 69 418 
41: 736 1991 202 328 270 
42: 580 508 1338 1274 69 12 
43: 11 1672 1991 449 365 
44: 326 5189 1991 3017 202 
45: 736 485 1991 614 336 
46: 137 736 1025 767 738 
47: 100 103 1042 1580 21 
48: 750 1025 303 702 796 
49: 1292 137 4945 736 767 
50: 137 736 107 797 200 
51: 750 662 394 300 47 
52: 1292 137 2645 1672 394 1991 562 2271 
