# The directed communities at k=5
# from D:\social_net\new_slots_salon24\7days_4_overlapping\roles\full_graphs\all_graph383.txt
# at no lower link weight threshold,
# and at no upper link weight threshold.
# Links were treated as directed.
# No time limit was set for the clique search.

0: 10 103 104 105 112 1312 1313 1336 137 139 162 178 188 2536 277 28 329 496 5 502 503 52 526 557 675 69 7 757 783 816 827 101 1042 1168 1722 259 415 421 481 49 53 950 988 11 170 1185 303 394 468 55 832 1791 534 202 241 2574 66 450 1579 1580 179 1801 1968 2236 348 350 40 41 419 462 62 796 867 93 97 23 2558 1011 1785 1841 1991 297 3197 430 44 262 296 447 2667 107 124 1338 136 150 35 736 87 102 1159 220 221 237 2434 261 689 806 1672 1908 482 1025 1910 196 235 267 528 614 688 993 300 1029 173 57 907 1292 2309 242 2584 2607 2767 427 438 803 593 110 1182 1573 1690 172 2644 539 630 76 291 1091 175 2009 2410 1066 360 854 282 392 530 82 106 151 306 111 132 1387 1599 199 212 270 294 3 305 46 485 58 580 651 691 746 840 851 944 2708 108 1181 180 440 92 143 615 70 109 2374 144 1941 390 369 1486 1804 232 246 279 432 491 555 60 68 801 797 94 1100 1541 210 1102 710 852 12 117 1153 25474 1752 176 347 637 67 671 2393 253 335 1885 1211 584 802 1238 1271 1644 1951 2500 2290 962 1954 2531 747 1990 209 2271 2348 362 311 2148 88 632 714 629 824 2430 43 1961 774 1852 471 484 215 245 475 
1: 1283 498 30 3458 12429 15056 1570 1625 1661 2114 455 5880 4108 
2: 10000 1179 3111 3410 549 13561 26333 2868 30 1190 3458 7646 12429 26315 3355 6569 7913 2660 24212 
3: 3458 12429 3355 1661 8293 
4: 151 1518 3126 773 2524 
5: 482 2738 390 484 3385 
6: 1344 657 894 1387 403 50 67 551 126 129 1369 2623 550 128 130 1384 941 
7: 277 321 1968 1991 440 96 
8: 534 1991 87 906 2505 
9: 816 241 907 580 180 1214 209 
10: 657 1387 228 1721 2623 
11: 101 218 2205 6889 785 
12: 329 7 1185 282 12 
13: 112 179 39 651 1941 
14: 657 30 616 67 551 660 
15: 3197 1159 1487 616 67 
16: 1962 534 868 179 1991 
17: 61 868 1991 1493 1644 
18: 1283 61 30 12429 1661 
19: 188 2536 11 187 360 
20: 188 11 66 235 328 
21: 137 11 23 854 279 
22: 11 736 212 91 94 
23: 178 101 481 1580 611 
24: 97 1991 297 1159 1091 176 
25: 139 7 303 2738 580 
26: 757 179 736 651 47 
27: 502 783 259 11 691 
28: 52 272 57 175 580 143 
29: 272 23 57 175 369 
30: 28 69 262 57 335 
31: 259 11 2558 324 714 
32: 11 1338 87 76 673 1885 
33: 40 1991 593 108 295 
34: 112 62 23 107 110 
35: 7 450 1991 736 368 82 797 
36: 11 1968 736 1908 363 
37: 52 272 580 432 1541 
38: 112 69 867 508 246 
39: 104 496 69 1991 447 267 
