# The directed communities at k=5
# from D:\social_net\new_slots_salon24\7days_4_overlapping\roles\full_graphs\all_graph378.txt
# at no lower link weight threshold,
# and at no upper link weight threshold.
# Links were treated as directed.
# No time limit was set for the clique search.

0: 10 103 1310 1312 1801 2436 282 2972 329 360 421 503 539 557 783 849 100 1042 1160 1292 1451 162 2434 675 1000 1066 1159 1181 1344 143 151 202 300 736 750 11 169 1991 321 61 648 1025 173 241 438 82 53 58 485 101 1019 1034 1144 1168 1223 1271 137 139 1393 1545 1580 242 26 277 3275 3351 369 40 434 44 462 526 57 741 781 827 87 950 107 353 1012 1062 1121 138 246 3467 482 593 238 2290 111 113 114 1245 1338 1803 1885 1979 200 2016 2148 3343 345 347 480 496 5 560 641 7 993 481 1672 404 1335 1652 1730 1909 279 3216 348 440 477 689 767 1336 983 1968 37 326 1147 199 221 671 81 838 1037 1644 19 2364 305 3078 392 528 651 727 769 786 104 77 86 2271 840 161 2710 630 1049 1100 673 580 1721 67 3358 342 390 110 1197 180 23 267 296 430 450 46 683 688 797 303 498 2009 562 274 1182 170 1775 18 1804 1966 259 2966 3194 574 867 94 1541 607 394 944 92 249 62 16 370 52 806 1599 1394 1398 1457 1752 176 2163 227 228 308 330 3548 423 506 887 916 1185 21 544 2086 432 2607 871 1211 955 2942 270 687 1270 629 996 2275 2811 398 803 1518 637 3217 802 93 816 415 3123 363 1841 3369 690 1961 317 2281 337 869 877 3380 
1: 61 870 1644 125 1493 5285 1799 1798 
2: 1801 783 87 1336 2611 
3: 126 657 403 127 1670 
4: 1283 1399 1799 1962 682 1570 
5: 1991 1063 1086 1377 1515 424 642 
6: 549 6569 7646 1190 13561 26337 2868 
7: 126 657 1387 887 2623 
8: 674 2101 821 415 877 
9: 1159 641 476 19 991 
10: 126 657 1394 887 551 
11: 126 657 128 403 550 887 1369 1389 
12: 988 1991 440 294 987 
13: 11 113 580 3364 1153 
14: 438 82 3343 508 2000 
15: 1344 593 1721 390 1778 
16: 1066 1159 593 50 176 
17: 3458 30 12429 1283 2114 
18: 11 1991 3550 651 867 
19: 1159 300 126 1394 887 
20: 1312 139 274 62 398 
21: 139 404 390 308 398 
22: 1066 1159 272 944 2920 
23: 3458 4661 30 12429 3355 2660 
24: 282 988 1991 294 370 
25: 1991 1580 517 348 23 
26: 2434 139 242 2271 1185 
27: 1451 526 1803 221 673 866 
28: 675 526 3078 673 866 
29: 2434 58 40 107 830 
30: 1801 1292 1991 648 87 
31: 1025 2016 1909 170 1748 
32: 1025 137 1245 993 1211 
33: 736 1025 137 246 1909 
34: 282 783 137 496 671 
35: 11 1991 57 1336 432 
