# The directed communities at k=5
# from D:\social_net\new_slots_salon24\7days_4_overlapping\roles\full_graphs\all_graph374.txt
# at no lower link weight threshold,
# and at no upper link weight threshold.
# Links were treated as directed.
# No time limit was set for the clique search.

0: 148 46 698 2030 696 
1: 1991 450 62 46 330 
2: 126 67 657 660 1721 153 1394 1398 1720 550 551 1381 403 1387 941 
3: 10 102 103 11 1185 1312 162 21 241 287 3329 3480 557 673 675 692 783 82 87 101 1292 1451 440 462 481 53 580 629 988 1991 202 394 736 797 139 259 30 3868 450 613 741 824 867 321 4851 870 1270 1271 137 1599 1613 1801 2177 242 2452 2516 282 326 337 427 919 92 3390 360 630 1672 1107 1160 237 62 52 76 261 468 651 1042 1968 215 480 638 539 869 1124 267 503 7 107 37 432 117 170 270 3345 416 46 114 1775 1086 198 180 1804 232 4 430 44 674 750 2142 2536 111 1947 1799 5 221 1644 802 1798 1197 1587 748 2780 868 40 47 738 702 277 1493 61 1645 436 169 
4: 682 1283 1570 1799 1399 1625 1962 2114 
5: 1354 4228 238 342 916 2738 
6: 126 657 127 1394 550 
7: 103 1313 162 1968 215 
8: 1159 390 1752 3386 58 1062 482 3934 484 
9: 139 480 1091 4065 1941 
10: 3165 657 808 127 550 
11: 308 3380 238 342 2868 1322 2738 
12: 162 1292 741 2516 1219 
13: 11 675 1262 4 44 
14: 103 100 101 1168 1451 
15: 308 139 3934 395 484 
16: 53 139 360 480 4102 
17: 139 907 360 62 233 4102 746 
18: 462 1991 1599 1885 132 
19: 62 50 246 1644 47 
20: 1004 783 139 824 811 432 
21: 11 1185 675 1344 1487 450 110 651 107 1347 1910 294 46 691 
22: 770 907 360 233 507 
23: 440 139 560 242 715 2536 
24: 69 996 2516 86 76 1130 
25: 1991 139 824 40 324 
26: 1487 107 148 46 698 
27: 11 673 1487 1490 251 
28: 308 392 238 342 3934 
29: 3480 1991 220 496 219 
30: 11 139 104 68 796 
31: 1991 360 1042 267 485 
32: 53 139 560 242 907 360 267 357 
33: 360 1159 362 357 2685 
34: 10 103 1312 3480 557 783 
35: 1004 82 1991 612 613 438 40 
36: 112 67 107 3578 46 698 
37: 907 360 1159 58 233 
38: 1991 3868 468 430 379 
39: 1991 741 137 40 379 
40: 1991 30 496 5 671 
41: 11 1991 450 1270 180 
42: 1185 53 1991 139 270 198 
43: 440 1991 139 867 326 496 198 
44: 10 11 1185 673 675 692 82 87 44 
45: 673 580 1599 92 277 
46: 1991 360 485 438 1645 
47: 1991 1801 62 430 1644 
48: 10 11 241 287 82 
49: 112 1672 52 3578 197 
50: 82 1991 736 630 300 468 1968 
51: 103 3480 557 321 137 
52: 87 242 1042 485 7 
