# The directed communities at k=5
# from D:\social_net\new_slots_salon24\7days_4_overlapping\roles\full_graphs\all_graph385.txt
# at no lower link weight threshold,
# and at no upper link weight threshold.
# Links were treated as directed.
# No time limit was set for the clique search.

0: 1313 137 162 175 188 557 673 783 101 107 1722 2073 528 58 629 76 329 432 69 1003 1066 11 110 1532 178 202 2188 630 732 775 934 1012 103 23953 534 870 112 1008 124 1327 1419 1690 261 30 300 335 55 736 105 108 1312 1336 139 1512 179 1801 1804 1962 1968 2584 2780 370 40 421 436 44 462 526 530 610 867 869 87 93 1011 1025 1344 1518 1672 430 46 53 551 62 66 750 896 91 1091 1159 237 584 593 47 1885 23 385 580 595 651 102 1580 1991 242 267 496 57 7 865 296 143 1506 246 272 347 348 687 1029 1211 1490 1534 3 480 635 1042 1289 1599 1633 37 481 950 1219 170 104 117 1533 1745 223 5 890 1292 1767 1791 2072 2148 25 262 39 714 82 827 235 675 369 1291 50 2078 221 642 1792 111 1182 151 212 279 375 438 440 521 523 689 691 698 715 758 8 818 832 854 94 944 109 1078 227 367 513 352 394 92 52 796 259 2177 238 305 401 447 671 241 1122 113 1153 1370 1561 1947 471 508 830 328 485 434 180 228 560 747 1805 858 277 1166 415 1441 220 509 427 555 1674 636 1245 301 324 907 482 1670 97 63 2068 868 132 1457 174 426 88 1554 68 1591 64 1437 294 251 615 43 955 217 4171 1960 197 441 
1: 101 179 1962 3077 370 
2: 673 1377 10285 1063 1086 1515 
3: 58 534 1518 1991 1317 
4: 403 551 50 1720 1906 
5: 12429 2114 2994 455 5880 
6: 1011 1344 403 550 551 129 130 50 657 128 126 228 941 1389 1721 67 887 1369 153 1925 
7: 549 416 1190 2868 3355 3103 13561 3458 4366 7646 13814 
8: 261 237 1291 221 289 
9: 1063 1086 1515 424 642 
10: 12429 1283 30 1962 2114 3458 5880 
11: 550 657 1389 1721 1670 
12: 1191 134 611 580 135 1526 324 
13: 12429 30 3355 3458 4108 
14: 100 107 58 179 53 
15: 40 580 7 756 907 
16: 797 1690 1991 115 971 
17: 502 503 783 178 1312 
18: 10 175 392 502 503 783 
19: 462 93 1011 1785 430 46 294 
20: 1991 1599 1666 1954 415 
21: 629 179 869 1599 1644 
22: 629 630 1804 462 1885 1599 
23: 10 137 188 557 783 
24: 580 7 687 440 1441 
25: 392 503 783 178 105 139 
26: 867 1672 7 282 509 
27: 1336 179 73 305 616 
28: 69 57 1211 262 468 
29: 797 534 1991 440 571 
30: 110 1968 345 1947 119 
31: 11 178 279 513 1338 
32: 528 110 53 345 347 1947 
33: 432 57 272 675 415 301 
34: 1968 44 1599 468 294 
35: 112 139 1025 62 1745 
36: 175 11 44 267 890 
37: 175 11 580 267 1042 
