# The directed communities at k=5
# from D:\social_net\new_slots_salon24\7days_4_overlapping\roles\full_graphs\all_graph375.txt
# at no lower link weight threshold,
# and at no upper link weight threshold.
# Links were treated as directed.
# No time limit was set for the clique search.

0: 770 1159 1221 1721 249 1753 
1: 30 137 23 752 3064 
2: 657 126 67 894 2130 3165 660 887 403 1721 542 1369 153 808 127 1394 1720 1924 550 551 50 129 1387 3282 1670 3537 941 3538 
3: 1004 1042 1185 1312 134 143 162 287 3329 3480 3828 5 503 692 783 803 87 100 101 103 1292 21 481 53 988 11 202 562 736 1034 107 1102 112 113 138 139 1487 221 2339 259 2632 30 3284 3628 3868 480 62 7 741 82 824 867 1991 870 450 241 119 1270 1271 137 1599 1968 242 2452 2516 277 2770 282 326 329 337 360 3836 394 421 427 557 673 688 92 485 639 348 462 630 1159 136 23 237 324 76 104 110 151 261 580 675 111 440 750 468 651 1580 215 638 1338 1737 209 2304 294 689 69 797 1324 1672 2695 496 526 114 1568 2148 2925 40 714 869 894 357 73 1801 3611 58 1197 170 180 212 2326 2422 270 272 3345 44 46 529 706 74 852 1775 109 1947 1511 173 715 2016 55 738 907 1107 1541 1534 1845 200 2024 232 169 347 2086 1587 295 434 1789 1211 896 970 1223 52 298 1804 2937 251 3644 2227 
4: 10000 2660 3111 3355 7646 26333 
5: 988 1991 2770 440 294 370 1437 
6: 988 107 1991 870 630 2780 1799 1644 1493 1798 61 868 
7: 580 1737 200 353 2298 
8: 682 1283 1570 1799 1962 1399 1625 
9: 100 101 103 1168 1451 
10: 390 1159 3386 1062 482 58 3934 484 
11: 259 741 673 2148 690 
12: 11 673 675 263 77 
13: 549 10000 2660 4661 13561 7646 
14: 10 1313 392 503 783 
15: 1313 162 103 1968 215 477 
16: 783 562 139 557 2170 
17: 390 593 1159 1752 482 
18: 498 1991 462 1804 4 
19: 1722 11 736 107 1487 23 449 675 294 691 1347 148 46 49 698 74 2780 
20: 241 277 110 675 444 
21: 2607 675 444 353 459 
22: 1312 503 783 557 2536 
23: 1722 988 294 49 632 
24: 11 1991 261 440 305 529 447 715 
25: 3284 1066 282 394 593 1159 239 300 67 894 1721 1398 773 
26: 10 1312 25 503 783 
27: 503 783 1160 139 635 496 671 
28: 692 1991 630 46 868 
29: 11 241 675 272 702 
30: 1004 612 613 82 40 438 
31: 741 1991 119 40 370 
32: 1377 390 1159 3587 238 
33: 11 1034 1991 651 305 797 
34: 11 107 23 1025 110 2607 689 
35: 11 139 1025 151 1338 
36: 87 1991 2516 630 1981 
37: 139 480 3275 1159 434 
38: 11 326 1672 838 168 
39: 692 11 326 673 675 44 
40: 783 139 480 824 242 
41: 277 110 675 526 671 
42: 143 107 23 110 691 
43: 3628 277 675 468 651 671 
44: 10 5 87 30 1991 241 
45: 11 1487 82 673 675 
46: 1004 3480 30 3792 480 7 
47: 11 82 1991 580 440 1133 
48: 7 867 1454 580 2016 
49: 3480 741 277 580 440 1541 
