# The directed communities at k=5
# from D:\social_net\new_slots_salon24\7days_4_overlapping\roles\full_graphs\all_graph377.txt
# at no lower link weight threshold,
# and at no upper link weight threshold.
# Links were treated as directed.
# No time limit was set for the clique search.

0: 10 101 102 1312 162 1968 2436 337 421 629 783 849 100 1042 1168 1451 2148 2937 369 53 82 1000 1066 1344 143 1672 202 300 651 675 736 1004 1991 241 392 438 750 657 11 137 169 321 326 1025 107 357 66 673 1029 103 1034 1144 1270 139 1580 1599 1715 242 26 2770 360 434 462 526 557 741 827 87 1011 1159 2290 296 482 50 593 714 92 1012 1121 2099 126 324 333 485 1019 111 113 114 132 1338 138 1803 1950 200 282 347 3704 480 496 5 528 580 370 110 1197 28 317 40 440 477 993 1885 2086 2410 571 1336 239 305 57 2952 706 93 1541 1814 1979 221 3013 335 3674 459 623 671 7 816 871 1037 2708 2710 390 444 62 104 170 432 77 840 2002 1652 21 35 498 73 1100 227 1721 67 1062 944 117 127 128 212 270 277 3623 430 46 58 638 690 74 832 994 906 450 866 2009 2271 1801 1804 2364 297 353 468 738 1748 3123 539 562 689 698 867 1752 180 259 722 3628 394 660 249 3284 3657 582 246 362 52 1941 267 3611 1906 261 403 1393 1394 1398 1457 176 2163 2209 228 2920 303 306 308 3198 3548 550 624 887 2452 630 1211 1635 1775 2338 1518 76 47 653 869 168 3275 1361 1369 1389 655 767 1692 696 1720 16 1841 2792 1961 2665 441 3216 1882 2270 2283 272 
1: 1722 61 870 1493 125 1644 4319 5285 1799 47 1798 632 
2: 1991 1599 2770 221 1483 
3: 148 46 74 698 1339 
4: 1159 944 58 1221 757 
5: 1962 1283 1399 1625 1799 682 
6: 4661 549 13561 7646 13814 2660 
7: 10000 3355 3458 4661 549 30 7646 12429 7050 
8: 1344 50 246 550 1300 
9: 139 1159 342 390 1062 395 
10: 657 127 403 153 1387 
11: 2436 849 139 274 636 
12: 1991 114 671 277 748 
13: 143 438 3311 25 3390 52 25480 
14: 1481 1950 660 403 1369 
15: 1991 438 2770 3311 796 221 816 432 3628 253 
16: 580 440 221 867 220 
17: 675 741 418 866 394 
18: 783 143 137 1979 58 
19: 1672 1991 5 816 961 
20: 53 1029 2099 1950 200 
21: 241 580 170 117 3611 
22: 53 103 5 3593 816 
23: 1672 1991 87 2271 3628 
24: 1991 11 432 468 3628 
25: 241 714 2099 580 221 
26: 593 40 57 2708 58 
27: 1991 434 282 432 468 
28: 241 1599 324 580 221 
