# The directed communities at k=5
# from D:\social_net\new_slots_salon24\7days_4_overlapping\roles\full_graphs\all_graph384.txt
# at no lower link weight threshold,
# and at no upper link weight threshold.
# Links were treated as directed.
# No time limit was set for the clique search.

0: 10 104 105 112 1312 1313 139 162 175 277 28 329 496 5 503 52 675 69 698 7 757 783 103 107 1722 1791 2073 528 58 11 797 432 1003 1066 110 202 2188 259 421 53 66 1004 1012 1159 1185 1964 534 868 450 101 1168 1336 135 1579 1580 1589 178 179 1801 1962 1968 218 2584 2824 348 360 40 462 521 526 611 62 629 796 827 867 869 93 97 1908 23 1025 170 1991 297 3197 430 44 137 1451 296 593 1136 173 1885 124 150 30 736 82 102 1437 1532 220 221 2236 237 241 242 2434 261 415 57 689 806 2490 267 272 440 300 1029 108 1211 1490 188 480 858 907 1042 1289 1292 1599 215 481 1219 209 335 1690 2177 630 70 890 950 1091 1124 132 1546 2072 2148 25 262 3 39 651 714 369 347 380 392 438 511 530 370 443 151 556 127 1387 1506 1670 1979 235 294 330 375 46 687 691 840 851 1078 750 295 92 2516 35 673 91 1413 1441 2009 508 580 305 616 671 803 818 111 1327 1947 245 246 279 557 801 143 2271 94 210 1107 485 385 781 1109 423 1122 1768 971 1454 1804 176 482 67 786 401 571 87 55 394 468 584 636 328 615 324 1271 1644 944 1951 212 2068 1457 174 180 426 88 301 1541 434 2281 2317 2348 367 311 192 271 722 1496 1882 251 270 169 1961 2055 25474 337 8 217 775 988 1837 2195 830 891 2071 2307 
1: 101 134 135 397 611 
2: 549 30 3458 7646 3355 1190 13561 26315 26333 2868 4366 13814 416 3103 24212 
3: 12429 1283 498 61 30 2114 3458 3355 1661 4108 455 5880 8293 878 
4: 462 93 1011 1785 1841 1991 430 
5: 816 58 261 267 269 
6: 66 153 1344 1384 1721 130 127 1387 1670 624 67 941 126 1720 1926 50 550 657 128 228 887 
7: 129 941 126 550 551 403 
8: 1722 61 47 49 632 
9: 797 1991 1690 971 115 
10: 1006 1283 61 868 870 
11: 69 58 2177 1674 615 
12: 69 40 1690 1496 191 
13: 101 218 2205 6889 785 
14: 28 66 1991 394 2281 
15: 698 651 63 46 148 
16: 139 179 415 423 287 
17: 675 40 272 2086 756 
18: 503 101 178 360 611 
19: 134 135 611 580 1526 
20: 162 103 1991 1042 1292 
21: 61 23 30 272 580 
22: 179 62 44 750 174 
23: 110 1968 345 1947 119 
24: 139 66 360 392 584 
25: 450 40 415 539 630 
26: 797 1991 651 111 394 
27: 178 796 237 70 3 
28: 69 202 259 178 736 3 279 
29: 7 282 40 907 434 
30: 175 11 44 267 890 
31: 7 178 867 440 580 143 
