# The directed communities at k=5
# from D:\social_net\new_slots_salon24\7days_4_overlapping\roles\full_graphs\all_graph386.txt
# at no lower link weight threshold,
# and at no upper link weight threshold.
# Links were treated as directed.
# No time limit was set for the clique search.

0: 10285 1063 1086 1377 424 1515 6856 
1: 1190 2868 3355 3410 549 13814 3103 13561 24212 4920 7646 26315 
2: 10 101 102 103 1042 107 1091 110 137 139 162 178 328 421 496 5 502 503 52 580 704 747 783 1001 241 66 170 593 785 1003 11 112 166 168 179 259 528 630 732 830 934 94 190 2188 1253 296 359 736 1210 124 1690 202 261 30 300 335 360 55 673 675 767 108 1168 1270 1312 1313 1336 1962 1989 2780 370 432 436 44 462 470 530 70 867 87 1011 1025 1066 1136 1344 199 430 46 53 562 62 636 651 750 896 93 237 584 840 47 1185 438 1019 23 762 1532 267 305 362 57 7 714 482 1159 395 401 404 246 272 347 348 756 996 326 489 12 183 200 1580 174 1800 2 282 37 480 590 635 689 160 1034 1463 219 387 69 475 117 188 638 1049 440 1291 138 281 722 555 639 82 827 415 185 198 25 1085 111 1181 1540 18 186 262 265 279 40 43 526 543 60 775 797 832 871 944 945 1478 394 371 173 109 1892 238 189 220 27 342 796 954 508 1098 1338 1542 1561 172 242 539 724 877 64 907 955 957 754 1166 197 76 609 473 852 485 1153 324 468 58 821 1441 427 294 1223 1399 390 68 729 1554 393 175 640 1674 410 1960 217 838 
3: 101 179 1962 3077 370 
4: 736 432 221 76 1677 
5: 30 550 551 552 1928 1938 
6: 550 126 50 657 1369 
7: 534 44 869 62 651 426 50 212 92 1599 2236 277 868 
8: 1962 2780 12429 1283 1399 1625 1799 2164 682 1969 
9: 261 237 1291 221 289 
10: 179 30 896 237 57 1291 1670 
11: 870 2780 1493 1799 1644 1798 
12: 580 11 69 838 319 
13: 12429 1570 1661 2994 2114 
14: 1011 1344 403 550 551 129 
15: 630 2780 87 1977 1969 
16: 550 50 657 1721 941 
17: 101 11 1962 436 44 
18: 462 1011 1785 430 46 93 
19: 110 241 11 736 444 
20: 70 57 517 440 708 
21: 61 870 2780 868 1644 
22: 178 636 7 756 907 
23: 101 178 1270 1336 134 432 462 
24: 101 1270 1804 462 629 434 1599 277 
25: 580 11 528 199 838 
26: 110 241 736 9 64 
27: 137 52 219 440 744 
28: 328 736 1291 76 392 
29: 103 137 421 282 557 
30: 103 7 282 557 865 40 
31: 1210 432 57 1028 517 
32: 107 44 869 1532 43 
33: 1210 432 57 69 1211 
34: 103 421 87 689 798 
35: 421 241 347 40 68 
36: 112 62 47 246 50 
37: 107 7 111 262 832 
38: 199 651 447 305 200 92 
39: 241 593 296 1159 526 58 
40: 107 46 7 73 282 
41: 139 261 584 324 58 
