# The directed communities at k=5
# from D:\social_net\new_slots_salon24\7days_4_overlapping\roles\full_graphs\all_graph376.txt
# at no lower link weight threshold,
# and at no upper link weight threshold.
# Links were treated as directed.
# No time limit was set for the clique search.

0: 10 1004 101 103 1042 1312 1313 162 1968 337 3828 392 438 5 629 783 100 1011 102 1885 1962 2148 2937 53 82 988 11 1344 143 1672 202 562 651 736 1034 107 1102 112 136 1991 2099 221 241 328 3284 3628 526 62 7 785 657 137 321 326 1066 3644 450 66 1270 1271 1599 277 3275 360 3836 462 557 623 741 485 1185 2290 300 348 482 50 714 390 593 1159 239 104 139 1950 200 23 333 345 3530 3704 69 242 324 421 1025 110 1197 317 480 580 675 2086 732 750 237 305 832 151 2952 796 93 1338 1737 1814 2058 209 2304 2536 294 3013 430 673 689 691 816 87 1037 296 311 170 2770 432 111 1292 21 259 2925 40 630 738 869 894 287 671 73 132 106 117 1264 128 1369 2002 212 2192 261 270 394 46 529 58 660 67 74 782 94 96 440 3611 698 901 109 1947 306 357 729 3311 1801 692 1100 168 173 180 263 267 297 353 468 487 640 3123 403 444 2434 39 76 2170 154 2270 1721 897 3657 944 582 169 126 1398 550 624 773 92 803 2452 1481 362 1868 3085 1223 52 298 127 1804 129 198 382 13 461 47 246 1568 185 215 1961 16 272 2283 747 77 
1: 241 259 1235 1972 829 
2: 1322 342 2738 293 395 
3: 200 580 1737 353 2298 
4: 103 1313 162 1168 2584 
5: 61 1493 1644 47 1798 632 868 870 
6: 10000 2660 4661 7646 549 
7: 657 894 550 129 551 
8: 11 1672 107 691 165 
9: 10 1313 392 503 783 
10: 11 1991 24601 1006 326 
11: 103 1042 162 483 2812 
12: 3355 1540 30 3458 12429 
13: 1991 459 261 52 198 
14: 392 503 360 139 2434 
15: 107 1991 30 317 580 2770 298 
16: 783 1160 496 421 394 
17: 1042 11 241 104 2812 
18: 11 1991 3275 2026 485 242 1336 671 
19: 241 333 110 2086 1737 
20: 438 675 432 867 871 
21: 1004 1034 1244 3792 7 
22: 562 107 139 111 394 
23: 7 2016 1454 580 867 
24: 562 107 139 324 246 
