# The directed communities at k=5
# from D:\social_net\new_slots_salon24\7days_4_overlapping\roles\full_graphs\all_graph382.txt
# at no lower link weight threshold,
# and at no upper link weight threshold.
# Links were treated as directed.
# No time limit was set for the clique search.

0: 10 103 105 1310 1312 1313 1336 139 178 196 1968 294 35 503 557 607 783 100 101 102 1042 1168 1451 1580 162 179 1885 2309 2434 259 2780 421 481 53 55 629 827 907 170 220 528 736 1624 329 1004 1049 143 2167 394 468 7 73 11 241 1690 1191 1271 135 137 1801 237 262 2666 2811 324 40 432 436 44 462 496 580 611 840 87 430 450 447 66 1114 150 2002 282 369 555 82 831 107 1991 1672 1025 104 1338 1487 1910 485 977 300 173 202 305 57 1100 242 2584 2607 360 438 52 640 762 803 824 93 950 1185 1599 69 1159 272 111 1145 1182 1573 261 267 348 5 671 77 869 119 368 12 2410 277 1465 392 1454 560 601 94 112 1239 1951 132 180 199 270 326 46 651 673 691 746 758 91 944 1990 209 440 530 70 109 1124 2374 443 1091 144 1166 110 1804 232 2430 2536 2708 2770 279 328 362 41 461 491 675 68 80 1153 1908 30 2393 508 246 471 867 1752 92 1160 1546 1178 2022 133 562 2942 221 1408 782 1812 1644 62 1438 441 1961 227 865 733 1852 714 2017 78 
1: 10000 3355 549 7646 13561 2868 1190 26319 3458 6569 13814 2660 
2: 657 126 228 894 30 403 551 1369 1381 941 128 550 129 1934 67 660 1720 616 
3: 1344 593 1672 482 300 1037 1159 176 296 97 1398 2290 484 390 246 58 808 668 
4: 103 178 1042 848 2410 
5: 30 12429 3458 15056 1570 1661 2114 2783 455 5880 4108 
6: 496 1991 104 267 5 350 
7: 1344 482 390 1369 2254 
8: 736 143 40 104 2393 915 
9: 1312 783 11 2767 502 
10: 11 1292 261 277 944 
11: 2434 242 1908 2022 2797 
12: 196 827 11 526 187 
13: 1042 1885 462 1991 132 
14: 481 1991 485 69 443 
15: 580 593 1991 1159 97 
16: 736 267 852 2393 246 
17: 11 107 1185 180 199 
18: 143 360 112 651 62 
19: 11 44 438 76 673 
20: 7 46 651 1908 58 
21: 170 1004 394 7 73 
22: 7 107 1672 1025 110 
